PDEW 2008  1  6  5 14 23.70  37.2200   22.6900  75.0 6.1 6.2 SOUTHERN GREECE
event name:     ZKR_N
time shift:      0.000
half duration:   0
latitude:   35.11470
longitude:   26.21700
depth:          0
Mrr:       7.74e+24
Mtt:      -1.83e+25
Mpp:       1.06e+25
Mrt:       1.29e+25
Mrp:      -8.45e+24
Mtp:      -4.43e+24
